13455
1887637
3574159
4234387
4369626
6933753
8200009
8401080
9135230
12121599
13618675
16977872
23646786
24301411
26760893
28222902
31071991
31122986
34519890
40837986
42146442
55642692
55835218
56564047
60393212
62783386
64510905
67989257
68372450
73536495
75099567
75289718
85176240
88949714
92681611
93216331
95293711
101002022
101331579
101472952
101929266
108408486
109900669
111398399
115307826
118710298
125998400
126799939
127094733
127124945
127446721
128106795
129154960
129412462
131297040
133613042
140002775
141892289
143542611
146704066
151592285
154578721
157863574
158592369
162724168
164973470
167963455
168068959
169717049
171620202
172490260
172556928
172573761
174835487
175530179
176842855
181806952
184496617
185984466
191110288
191858533
192958059
194847407
196178887
201098412
202296702
206107600
207314364
208017828
208657547
209479610
215848909
216642780
218264606
218352661
219557883
220048635
220446074
222731959
222803726
222902970
223548025
224214502
224582465
226693619
230168409
231367331
234254368
235645468
236507135
236828933
237553585
238360414
243649403
258077411
258663571
259181369
259852785
263081549
265094609
265963215
268517289
270649485
271135951
273074997
277117594
282442306
282475248
286245356
286810814
287957429
288006428
288481114
290145158
292554182
293823023
295741961
300298040
302173464
302337946
303528882
304160661
304987843
305492631
306344206
306879665
306963099
312444007
313517515
313952732
314484210
316824711
318665975
319518554
320514917
322791559
324436309
329004855
330691035
331211608
331524561
331637304
334734506
335255576
337486259
341137845
342194329
342695013
344185620
346645554
347077196
347221710
348318737
349037106
352050956
353474901
353657795
355207554
357237149
357571489
359242576
361813753
363159927
364446495
364988340
368034323
368064759
368478899
368682266
369370561
369810416
370352185
371358048
372556756
374079594
375495464
376793168
377901841
378859174
381796936
382578172
382955827
389036161
390801192
393112637
397564137
401203082
401868523
407052493
407209931
411610331
411980556
412281976
413705650
417714253
421567013
422305444
424052704
428975318
431830536
432969044
434477296
434826719
436476769
437928108
447641598
448952089
450031624
454233501
455609507
456880398
457858130
458588259
459380632
462669257
462932090
463482573
464383696
464685717
465393137
472171166
476026938
483596970
484684157
484836575
485622922
489115890
490916524
495053399
499521037
501848670
502534871
502767894
508594895
510556226
510796578
512090638
514254570
514943163
516341990
517100456
520717814
521861728
524035689
527116334
527644327
529847079
530371949
530483714
533519458
534195436
542708780
545293946
546669517
553324188
562165088
565116026
567222277
568528317
571846522
572739356
575348282
575542598
578134255
580563898
581326627
582120577
582285527
585066582
589673556
590357943
592100847
592440365
593550213
594095776
600168342
601535872
603204758
604056197
605925149
606086946
608452374
609123647
610920364
617766174
622268743
627499947
631425084
641173135
642551034
642607620
647229180
647386831
648950709
650410715
651399814
653136424
657262366
657821122
660405116
661122008
667074897
669988453
680778346
681910961
684570284
688507583
691321850
691812435
698495685
698535464
699723791
702715826
703299415
706642600
710298149
711443275
714335774
716335880
717210241
717918283
728594209
731933550
737223707
737904106
739972376
746232674
749808927
753972433
755418454
755632436
756044144
758332964
758973660
759041817
759417217
760910029
767780551
767863932
768094284
775171660
776531042
777512109
778662570
778850968
780860632
783035739
784559589
785214199
786651958
787094441
788232850
788519814
788539196
789320623
790709217
791615942
791957246
795054872
799204590
801783027
802626475
804493648
805392550
807175912
809518878
810641870
813799942
817012480
817350100
817391552
821225632
822102917
826690554
830447845
830889294
831898620
832633820
832861199
834991544
835464050
835533591
839521935
851451193
853380695
855007064
859601268
862332254
866683783
866954864
873488586
874962868
877289645
878918397
880378029
885131966
886559008
889119396
889688007
891421356
892053143
894946731
894987088
895063367
896699739
897054848
903866621
905169660
905333257
907527237
911254351
914318432
916618849
921588418
925036889
925188410
926985297
927573062
929481514
931853945
931873582
932463514
937186356
943010068
943068411
947876490
950951356
951517189
957828014
959637303
961673224
967861581
968536964
971307216
976308950
976880267
977532866
979965419
983645999
985509753
987333028
988774856
990976800
994411018
996502947
998859538
1001481218
1002804820
1003245707
1008112216
1008240337
1010026260
1015627255
1016168507
1016172231
1017739961
1019571747
1022245967
1023129505
1025725763
1026011209
1026076957
1030316713
1032406151
1035574789
1038787536
1039108999
1041071866
1042115252
1045501369
1045927446
1046417331
1047660756
1047738468
1049077005
1051519024
1057007322
1059256538
1061548768
1062446611
1068367966
1068736821
1073005946
1073254664
1075795343
1078626765
1086531967
1087464376
1091216404
1093278593
1094482709
1096883512
1096989446
1098926977
1101428656
1102246881
1102730552
1105222768
1105548534
1106200164
1107834619
1109242889
1111527895
1113746950
1114919530
1115195163
1115438164
1116666770
1118600159
1121122751
1124818674
1129423891
1130220829
1133203852
1133598294
1135048761
1137522502
1141231426
1143669835
1146551965
1148637873
1148800434
1148928565
1152185683
1154694242
1160834052
1163498602
1166566974
1167615734
1167620773
1168279878
1169606051
1174272276
1174524259
1174619516
1177605153
1178402197
1179459081
1180715934
1181261041
1185044668
1185391677
1188671985
1189280589
1190368418
1198794756
1200676937
1201779776
1205024133
1205938713
1207543207
1213110678
1215059413
1215867946
1219234986
1219397881
1221896500
1222648127
1223911131
1225521544
1226060619
1227464302
1227559554
1227619357
1227790028
1228127126
1230900940
1231140925
1232671692
1233366814
1236261661
1238320298
1243357934
1244629629
1245245249
1250086894
1252027080
1253448197
1257726609
1258459316
1259265332
1260046957
1260794293
1262976196
1263111993
1263123444
1270697083
1279743898
1280276410
1281409025
1281482744
1281934977
1282889891
1283070433
1284660443
1285996410
1286759526
1288775054
1291005871
1292798886
1293320727
1295059760
1300601359
1301377875
1301610293
1303060377
1303373801
1305359607
1311533991
1311978009
1312093972
1312101127
1314384008
1316011884
1318824510
1319631681
1320305309
1323121950
1329554607
1333685349
1337482725
1340040767
1345569614
1346174336
1346174541
1351345222
1352326867
1352670105
1356871291
1358406342
1359019905
1359861756
1362001122
1362834839
1363045321
1366015710
1366488947
1377343944
1377804044
1377965112
1377979804
1380786642
1382973413
1383594058
1386848198
1386973243
1391296201
1391900803
1397870330
1398526474
1398556759
1398644500
1399116812
1400258742
1402209416
1404280277
1407106871
1413182980
1414362804
1416294892
1416685494
1416813758
1419867460
1420400195
1421620239
1422015859
1426671282
1427408395
1429157786
1432063066
1434684801
1435106634
1441716380
1445244854
1445335458
1448716161
1448891846
1449566625
1451839080
1457517398
1457850877
1461483548
1461885894
1463179851
1464994197
1468762965
1474833168
1476211372
1476562292
1478446500
1479904490
1483764287
1484404192
1486124990
1488695710
1499771964
1501093334
1502463516
1503614726
1505795334
1508134030
1508545801
1509658265
1510551172
1515839384
1518163458
1520044629
1521446979
1524325967
1525679890
1528073013
1532418424
1533456539
1543054039
1543812972
1545417697
1545747466
1557429391
1557551347
1558260931
1565351218
1567121209
1567669248
1567987269
1569511543
1569608120
1573243634
1573862875
1575014888
1581159681
1584423534
1585191733
1588552611
1595884378
1596168660
1597375815
1597888046
1597972594
1600996760
1604218470
1608753832
1609005591
1609176431
1611739815
1615388026
1617733963
1617778549
1618907919
1624842918
1626979009
1627507451
1630361895
1632300567
1633413199
1636757592
1637073863
1639709504
1639869941
1643250867
1643966961
1647259578
1651659859
1652354188
1653534887
1654838121
1656394763
1660439615
1660873422
1663840209
1664612555
1667344271
1668560561
1670147525
1671212679
1674186125
1679612135
1679953747
1680351380
1685105610
1685942424
1688431512
1691587939
1696715267
1698961257
1702482604
1705049327
1706993430
1708006726
1708210486
1709478703
1712365580
1715073860
1718056162
1725782669
1728536151
1729784609
1732267505
1735832450
1743532053
1743764687
1744643002
1746407391
1746613255
1746721616
1752800049
1755174369
1759125541
1759229197
1760348380
1761206794
1762495481
1762940469
1768623322
1771024151
1771470901
1777736810
1779043610
1779630009
1783747642
1784766669
1790245760
1790318750
1793029705
1793372303
1795289991
1795739910
1796102645
1796198013
1798125799
1798664505
1799809564
1801191785
1802082211
1806282462
1807130336
1812423302
1813617002
1813852092
1817469861
1822559360
1823392058
1823983984
1833517718
1834458876
1836275590
1840333386
1842790973
1843130329
1843638690
1843783730
1844185783
1845784857
1846989859
1847320613
1848682419
1849574026
1849905493
1851061504
1854052993
1858765641
1859513045
1859803063
1860375801
1863552127
1863776405
1863997494
1866766832
1871067778
1882691654
1885943300
1897440708
1901915393
1903766467
1903958412
1912233250
1926818415
1927702195
1931161863
1931706889
1934004841
1934762198
1936329093
1936672707
1936766545
1937572062
1938090263
1939824519
1947138150
1948318019
1955700245
1955794414
1955990214
1956041514
1962279936
1962408012
1963590645
1966002870
1966423893
1966703069
1966819551
1968156021
1968456300
1971340604
1973792142
1977466362
1982065886
1993997924
1994557579
1994802599
1995702671
1996600544
1999939613
2001271630
2001793132
2003613928
2008416045
2009907126
2011907083
2016740808
2018044935
2018984925
2023078858
2023158304
2027201215
2029909502
2031439870
2033732743
2035491489
2038299452
2039632343
2040696005
2045329869
2046228875
2047567798
2047822109
2049847135
2050098033
2050920409
2051953943
2053332198
2061702027
2062571390
2063637012
2063936097
2063978280
2064668381
2065708818
2067859121
2068370777
2077160141
2083245268
2084179000
2088379000
2090245053
2092164732
2092396111
2092651978
2095488248
2095688079
2098339998
2098478514
2100347119
2101995238
2104836583
2105322708
2107302437
2110010671
2111482796
2119315079
2124639788
2124993760
2126455911
2128374592
2129491708
2135499453
2136018549
2137730018
2139020934
2141370370
2143811609
